field in old;field in new
